Result Link = https://rtmnuresults.org/
+--------+--------+--------+--------+--------+--------+--------+--------+--------+--------+
| 790692 | 790742 | 790744 | 790745 | 790747 | 790748 | 790749 | 790750 | 790751 | 790752 |
| 790753 | 790754 | 790755 | 790922 | 790923 | 790924 | 790925 | 790926 | 790928 | 790929 |
| 790947 | 790948 | 790949 | 790950 | 790951 | 790952 | 790953 | 790954 | 790955 | 790956 |
| 790957 | 790958 | 790959 | 790960 | 790961 | 790962 | 790963 | 790964 | 790965 | 790966 |
| 790967 | 790968 | 790980 | 790981 | 790983 | 790986 | 790987 | 790988 | 790991 | 790992 |
| 790993 | 790995 | 790996 | 790998 | 790999 | 791000 | 791007 | 791008 | 791009 | 791011 |
| 791012 | 791013 | 791014 | 791015 | 791016 | 791017 | 791018 | 791019 | 791020 | 791021 |
| 791022 | 791023 | 791024 | 791025 | 791026 | 791027 | 791028 | 791029 | 791031 | 791032 |
+--------+--------+--------+--------+--------+--------+--------+--------+--------+--------+ 